-5 0.425842 0.52277 0.617957
-4.5 0.39989 0.498434 0.59862
-4 0.371378 0.473589 0.577889
-3.5 0.344388 0.44833 0.556861
-3 0.316212 0.42418 0.534807
-2.5 0.288426 0.399072 0.513171
-2 0.261776 0.374462 0.490279
-1.5 0.23425 0.350973 0.467255
-1 0.20725 0.327926 0.445178
-0.5 0.180774 0.30433 0.421669
0 0.157496 0.281808 0.399327
0.5 0.133646 0.259708 0.377057
1 0.112384 0.237971 0.355455
1.5 0.092642 0.216316 0.334658
2 0.075726 0.194685 0.314104
2.5 0.059524 0.174963 0.292857
3 0.04526 0.155001 0.274147
3.5 0.03435 0.135764 0.25552
4 0.024798 0.117028 0.2365
4.5 0.017742 0.099995 0.219637
5 0.011864 0.083933 0.201545
5.5 0.007636 0.069317 0.184501
6 0.004906 0.055588 0.167696
6.5 0.00286 0.044078 0.151337
7 0.001486 0.034192 0.135323
7.5 0.00081 0.025479 0.119704
8 0.000376 0.018163 0.104657
8.5 0.000142 0.012844 0.0904647
9 5.2e-05 0.008743 0.076976
9.5 1.4e-05 0.005755 0.0648273
10 1e-05 0.003531 0.053148
10.5 4e-06 0.001963 0.042682
11 0 0.001146 0.0336753
11.5 0 0.000654 0.0260027
12 0 0.000272 0.0193533
12.5 0 0.00012 0.0141187
13 0 4.8e-05 0.0099
13.5 0 1.1e-05 0.006716
14 0 6e-06 0.00431467
14.5 0 0 0.00257133
15 0 1e-06 0.00157733
15.5 0 0 0.000819333
16 0 0 0.000464
16.5 0 0 0.000189333
17 0 0 8.86667e-05
17.5 0 0 3.13333e-05
18 0 0 1.2e-05
18.5 0 0 2e-06
19 0 0 1.33333e-06
19.5 0 0 2e-06
20 0 0 0
