-5 0.21422 0.261735 0.309687 0.339433
-4.5 0.19784 0.251475 0.29898 0.33295
-4 0.18658 0.236315 0.29041 0.322955
-3.5 0.17302 0.223815 0.27904 0.315092
-3 0.1554 0.211875 0.266187 0.304638
-2.5 0.14502 0.200715 0.25639 0.298542
-2 0.13077 0.18716 0.244703 0.289567
-1.5 0.11636 0.17488 0.23385 0.282045
-1 0.10441 0.162935 0.222963 0.272137
-0.5 0.08988 0.151665 0.210103 0.263487
0 0.07797 0.14044 0.20004 0.254968
0.5 0.0672 0.13047 0.188433 0.245562
1 0.05608 0.1187 0.179233 0.23535
1.5 0.04562 0.10847 0.166787 0.22755
2 0.03869 0.098845 0.157567 0.217245
2.5 0.0288 0.08643 0.147183 0.20798
3 0.02309 0.077545 0.13703 0.19815
3.5 0.01691 0.066825 0.128153 0.186787
4 0.01222 0.05887 0.119533 0.178193
4.5 0.00881 0.049295 0.109753 0.169033
5 0.00603 0.041825 0.100117 0.159805
5.5 0.00388 0.03452 0.0921167 0.149372
6 0.00259 0.02786 0.0840667 0.140352
6.5 0.00139 0.02182 0.0756233 0.132197
7 0.00079 0.01663 0.0673833 0.123895
7.5 0.00032 0.012855 0.05986 0.11491
8 0.00022 0.00909 0.0518833 0.10815
8.5 0.00013 0.00669 0.0451033 0.100083
9 6e-05 0.00446 0.0384033 0.0934325
9.5 0 0.00278 0.0322667 0.0858675
10 0 0.001955 0.0262433 0.0782075
10.5 0 0.001005 0.0215567 0.0716025
11 0 0.00052 0.0167133 0.0655125
11.5 0 0.00026 0.01301 0.05867
12 0 0.000135 0.00976667 0.0521725
12.5 0 6e-05 0.00695333 0.0458675
13 0 1.5e-05 0.00500333 0.040595
13.5 0 1.5e-05 0.00324667 0.0344925
14 0 5e-06 0.00212 0.028785
14.5 0 0 0.0012 0.0243625
15 0 0 0.000853333 0.0195425
15.5 0 0 0.000386667 0.0157625
16 0 0 0.00017 0.0123925
16.5 0 0 0.00012 0.009415
17 0 0 5.66667e-05 0.0070875
17.5 0 0 2e-05 0.00509
18 0 0 3.33333e-06 0.003515
18.5 0 0 0 0.0022575
19 0 0 3.33333e-06 0.0014975
19.5 0 0 0 0.00089
20 0 0 0 0.0004675
