-5 0.2115 0.3838 0.5861 0.7488
-4.5 0.1915 0.3581 0.5693 0.7451
-4 0.1856 0.3399 0.5446 0.7219
-3.5 0.1715 0.3184 0.517 0.7081
-3 0.1629 0.282 0.4973 0.6983
-2.5 0.1427 0.2707 0.4816 0.6771
-2 0.1314 0.2469 0.4443 0.6582
-1.5 0.1137 0.2293 0.4337 0.6446
-1 0.1055 0.1996 0.4076 0.6236
-0.5 0.0899 0.1639 0.3666 0.6124
0 0.083 0.1533 0.3601 0.5791
0.5 0.0678 0.1284 0.3124 0.5546
1 0.0594 0.111 0.2988 0.5284
1.5 0.044 0.086 0.2667 0.5149
2 0.0337 0.0735 0.2436 0.4769
2.5 0.0303 0.0584 0.2098 0.4613
3 0.0215 0.0458 0.1878 0.4325
3.5 0.0183 0.0337 0.1624 0.4132
4 0.0123 0.024 0.1373 0.3786
4.5 0.0084 0.0164 0.1176 0.3586
5 0.0047 0.0107 0.0917 0.3231
5.5 0.0034 0.0074 0.0764 0.3054
6 0.0021 0.0053 0.0612 0.2752
6.5 0.001 0.0029 0.0499 0.2479
7 0.0008 0.0025 0.0344 0.2176
7.5 0.0006 0.001 0.0247 0.1916
8 0.0002 0.0005 0.0186 0.1664
8.5 0.0002 0.0001 0.0125 0.1421
9 0 0.0001 0.0078 0.1207
9.5 0 0 0.0052 0.0954
10 0 0 0.0032 0.0804
10.5 0 0 0.0022 0.0639
11 0 0 0.0015 0.0485
11.5 0 0 0.0001 0.0347
12 0 0 0.0003 0.0259
12.5 0 0 0.0002 0.0218
13 0 0 0.0001 0.0154
13.5 0 0 0 0.0101
14 0 0 0.0001 0.0053
14.5 0 0 0 0.0042
15 0 0 0 0.0021
15.5 0 0 0 0.0013
16 0 0 0 0.0002
16.5 0 0 0 0.0001
17 0 0 0 0.0001
17.5 0 0 0 0.0001
18 0 0 0 0
18.5 0 0 0 0
19 0 0 0 0
19.5 0 0 0 0
20 0 0 0 0
